[45384.27655833131, 8453.832942369818, 15756.136650370147, 15963.318252912357,
8899.58424095549, 5142.621206075337, 4726.199103552279, 17737.40155831099,
53757.8125, 42103.948283795864, 24659.172572344352, 18007.783238558564,
17113.67674164605, 15696.065289385078, 6197.140036908825, 17382.90786152665,
14406.428443524053, 16800.280252842742, 10243.458904995805, 16438.055597998453,
13256.87736555417, 12196.827770979338, 8597.067612233086, 5079.017422995138,
6074.413600472865, 14339.050015100076, 69523.8197469839, 9495.029495529041,
715.704344739648, 0.0, 20834.64944164281, 24473.024020249366,
18192.579377590995, 4522.065476657525, 20989.127306404072, 34855.922764539464,
16918.162224684642, 5809.481942914388, 10873.158561352366, 7939.9563603931665,
13721.945966732725, 13846.509262623917, 14281.400886430869, 13395.509794070456,
14290.201663768137, 16189.837343280316, 15108.18951072386, 4623.55700994401,
0.0, 0.0, 7381.752927374176, 13498.13170240443, 0.0, 7633.059528272992,
27100.237726206433, 37996.952496648795, 37246.86789512349, 5605.0455369801475,
7323.700093314757, 33935.77727044236, 8082.989177572495, 0.0,
4911.378762706686, 15200.8398961126, 7719.048774825487, 4732.375795911528,
5234.988997689971, 4531.350700471974, 4152.917274489672, 4404.344986986397,
5213.00723959488, 7226.7300603128215, 4980.917014930099, 4926.2754913533,
4118.884910699916, 3854.578996484005, 4119.40972769702, 4625.252572539503,
4548.52836451343, 4164.362322096534, 4378.911547855814, 4535.629977529926,
4553.191161687101, 4535.0647899967325, 4673.19258677193, 25897.781057806704,
24356.756869959136, 27107.201644066823, 31754.314863091713,
24789.892375336392, 5341.587404051688, 21782.40838393428,
14177.729344079931, 5325.196965509247, 0.0, 4094.9451814910763,
3946.6238237912644, 3806.3967590254333, 4101.56594977158, 3696.932044428309,
3845.2534021351253, 3983.764719023343, 3965.860385294944,
4081.7036449300713, 3611.6089117459824, 3673.0326857572572,
3929.183751253214, 3941.779359195776, 4482.583090202463, 9615.01073536289,
23236.27257955737, 21417.78168202407, 20211.126477648708, 5576.1402315553205,
5184.344157404011, 14084.190806850327, 12945.943479598885, 12036.657660307972,
12386.185780854541, 12239.539800506625, 7243.988465447494, 4434.744002327715,
0.0, 4340.398054332917, 0.0, 0.0, 7279.211760108181, 6751.770677263939,
4888.307000079641, 4362.198145005665, 4214.119010535992, 10018.352783481745,
5458.86381780684, 4698.323246863337, 4447.864427274681, 18751.307627603994,
16183.600095112937, 4652.139351052961, 12061.102021248416, 5103.320487046642,
4369.464841903468, 0.0, 0.0, 0.0, 0.0, 0.0, 0.0, 0.0, 18797.330041268866,
14288.062025240512, 4599.8191334097755, 0.0, 0.0, 4721.738159069418,
4216.823836602226, 4868.424509974051, 4949.4279950573755, 4576.202368519769,
4431.776767756962, 7570.020932712216, 12194.16331545261, 27948.07958624289,
56012.305211126, 31841.757449036362, 12902.545150929696, 15554.97025805067,
16251.301487829309, 16727.37106070252, 16722.84956039902, 16109.459601530954,
4453.395191020357, 0.0, 0.0, 0.0, 0.0, 4177.6442291916355, 4630.460371983914,
4667.459970331453, 4828.316380170164, 4616.0480898080805, 22532.21039170407,
42100.718640759194, 29759.101934159553, 21818.741868389054, 6149.543172237871,
4134.669791161236, 0.0, 0.0, 21267.684020640612, 20739.96034404423,
12459.417937341339, 8505.668713540914, 7195.241040446881, 8679.060175514876,
4696.223978876491, 0.0, 3744.6500206967175, 6706.515303834932, 
22838.319998324394, 37856.40246756014, 7889.654669670739, 5951.424755558406,
5853.869349764842, 7933.295221578221, 4700.46288538874, 4142.905380977012,
7652.92183312289, 4470.835263568847, 4990.000386054296, 4182.811658089387,
4919.634537799498, 4019.391719072748, 4497.197225070885, 22655.602941994093,
22415.983611960397, 21684.388716953847, 7796.620764160638, 4938.649061333302,
0.0, 0.0, 0.0, 0.0]
